id=87948
Gordian Knot
containable=1
containSize=2.000000,vertSlotRot=-0.250000
permanent=0,minPickupAge=3
heldInHand=1
blocksWalking=0,leftBlockingRadius=0,rightBlockingRadius=0,drawBehindPlayer=0
mapChance=0.000000#biomes_0
heatValue=0
rValue=0.000000
person=0,noSpawn=0
male=0
deathMarker=0
homeMarker=0
floor=0
floorHugging=0
foodValue=0
speedMult=1.000000
heldOffset=47.000000,-34.000000
clothing=n
clothingOffset=0.000000,0.000000
deadlyDistance=0
useDistance=1
sounds=59:0.250000,-1:0.0,-1:0.0,-1:0.0
creationSoundInitialOnly=1
numSlots=0#timeStretch=1.000000
slotSize=1.000000
slotsLocked=0
numSprites=14
spriteID=1091
pos=-7.000000,-10.000000
rot=1.000000
hFlip=0
color=1.000000,1.000000,1.000000
ageRange=-1.000000,-1.000000
parent=-1
invisHolding=0,invisWorn=0,behindSlots=0
spriteID=1091
pos=15.000000,-17.000000
rot=-1.500000
hFlip=0
color=1.000000,1.000000,1.000000
ageRange=-1.000000,-1.000000
parent=-1
invisHolding=0,invisWorn=0,behindSlots=0
spriteID=1091
pos=10.000000,6.000000
rot=0.250000
hFlip=0
color=1.000000,1.000000,1.000000
ageRange=-1.000000,-1.000000
parent=-1
invisHolding=0,invisWorn=0,behindSlots=0
spriteID=1091
pos=-1.000000,-28.000000
rot=-0.250000
hFlip=0
color=1.000000,1.000000,1.000000
ageRange=-1.000000,-1.000000
parent=-1
invisHolding=0,invisWorn=0,behindSlots=0
spriteID=1091
pos=-10.000000,17.000000
rot=0.000000
hFlip=0
color=1.000000,1.000000,1.000000
ageRange=-1.000000,-1.000000
parent=-1
invisHolding=0,invisWorn=0,behindSlots=0
spriteID=1091
pos=37.000000,2.000000
rot=-0.500000
hFlip=0
color=1.000000,1.000000,1.000000
ageRange=-1.000000,-1.000000
parent=-1
invisHolding=0,invisWorn=0,behindSlots=0
spriteID=1091
pos=-27.000000,-32.000000
rot=0.000000
hFlip=0
color=1.000000,1.000000,1.000000
ageRange=-1.000000,-1.000000
parent=-1
invisHolding=0,invisWorn=0,behindSlots=0
spriteID=1091
pos=16.000000,-44.000000
rot=-0.500000
hFlip=0
color=1.000000,1.000000,1.000000
ageRange=-1.000000,-1.000000
parent=-1
invisHolding=0,invisWorn=0,behindSlots=0
spriteID=1091
pos=-39.000000,1.000000
rot=0.000000
hFlip=0
color=1.000000,1.000000,1.000000
ageRange=-1.000000,-1.000000
parent=-1
invisHolding=0,invisWorn=0,behindSlots=0
spriteID=1091
pos=51.000000,-33.000000
rot=-0.500000
hFlip=0
color=1.000000,1.000000,1.000000
ageRange=-1.000000,-1.000000
parent=-1
invisHolding=0,invisWorn=0,behindSlots=0
spriteID=1091
pos=-56.999996,-24.000000
rot=0.000000
hFlip=0
color=1.000000,1.000000,1.000000
ageRange=-1.000000,-1.000000
parent=-1
invisHolding=0,invisWorn=0,behindSlots=0
spriteID=1091
pos=45.000000,-59.000000
rot=-0.500000
hFlip=0
color=1.000000,1.000000,1.000000
ageRange=-1.000000,-1.000000
parent=-1
invisHolding=0,invisWorn=0,behindSlots=0
spriteID=1091
pos=-39.000000,31.000000
rot=0.000000
hFlip=0
color=1.000000,1.000000,1.000000
ageRange=-1.000000,-1.000000
parent=-1
invisHolding=0,invisWorn=0,behindSlots=0
spriteID=1091
pos=67.000000,-9.000000
rot=-0.500000
hFlip=0
color=1.000000,1.000000,1.000000
ageRange=-1.000000,-1.000000
parent=-1
invisHolding=0,invisWorn=0,behindSlots=0
headIndex=-1
bodyIndex=-1
backFootIndex=-1
frontFootIndex=-1
numUses=1,1.000000
useVanishIndex=-1
useAppearIndex=-1
pixHeight=56