id=87857
type=2,randStartPhase=0
forceZeroStart=0
numSounds=0
numSprites=8
numSlots=0
offset=(0.000000,0.000000)
startPause=0.000000
animParam=0.312500 112.000000 0.000000 0.375000 21.333333 0.000000 (0.000000,0.000000) 0.000000 0.000000 0.000000 0.000000 0.000000 1.000000 0.000000 6.000000 0.520833 0.229167 1.000000 0.000000
offset=(0.000000,0.000000)
startPause=0.000000
animParam=0.312500 125.333333 0.000000 0.375000 21.333333 0.000000 (0.000000,0.000000) 0.000000 0.000000 0.437500 0.031250 0.000000 1.000000 0.000000 0.000000 0.000000 0.000000 1.000000 0.000000
offset=(0.000000,0.000000)
startPause=0.000000
animParam=0.312500 128.000000 0.000000 0.375000 21.333333 0.000000 (0.000000,0.000000) 0.000000 0.000000 0.312500 0.020833 0.520833 1.000000 0.000000 0.000000 0.000000 0.000000 1.000000 0.000000
offset=(0.000000,0.000000)
startPause=0.000000
animParam=0.312500 128.000000 0.000000 0.375000 21.333333 0.000000 (0.000000,0.000000) 0.000000 0.000000 0.312500 0.020833 0.520833 1.000000 0.000000 0.000000 0.000000 0.000000 1.000000 0.000000
offset=(0.000000,0.000000)
startPause=0.000000
animParam=0.312500 128.000000 0.000000 0.375000 21.333333 0.000000 (0.000000,0.000000) 0.000000 0.000000 0.312500 0.020833 0.520833 1.000000 0.000000 0.000000 0.000000 0.000000 1.000000 0.000000
offset=(0.000000,0.000000)
startPause=0.000000
animParam=0.312500 128.000000 0.000000 0.375000 21.333333 0.000000 (0.000000,0.000000) 0.000000 0.000000 0.312500 0.020833 0.520833 1.000000 0.000000 0.000000 0.000000 0.000000 1.000000 0.000000
offset=(0.000000,0.000000)
startPause=0.000000
animParam=0.312500 128.000000 0.000000 0.375000 21.333333 0.000000 (0.000000,0.000000) 0.000000 0.000000 0.312500 0.020833 0.520833 1.000000 0.000000 0.000000 0.000000 0.000000 1.000000 0.000000
offset=(0.000000,0.000000)
startPause=0.000000
animParam=0.312500 128.000000 0.000000 0.375000 21.333333 0.000000 (0.000000,0.000000) 0.000000 0.000000 0.312500 0.020833 0.520833 1.000000 0.000000 0.000000 0.000000 0.000000 1.000000 0.000000