id=87872
type=1,randStartPhase=0
forceZeroStart=0
numSounds=0
numSprites=4
numSlots=0
offset=(0.000000,0.000000)
startPause=0.000000
animParam=0.000000 0.000000 0.000000 0.000000 0.000000 0.000000 (-121.000000,0.000000) 0.000000 0.000000 0.375000 0.062500 0.218750 0.000000 0.000000 0.562500 1.000000 0.000000 1.000000 0.500000
offset=(0.000000,0.000000)
startPause=0.000000
animParam=0.000000 0.000000 0.000000 0.000000 0.000000 0.000000 (-1.000000,0.000000) 0.000000 0.000000 0.375000 0.062500 0.218750 0.000000 0.000000 0.562500 1.000000 0.000000 1.000000 0.000000
offset=(0.000000,0.000000)
startPause=0.000000
animParam=0.000000 0.000000 0.000000 0.000000 0.000000 0.000000 (-29.000000,18.000000) 0.000000 0.000000 0.375000 0.062500 0.218750 1.000000 0.000000 0.000000 0.000000 0.000000 1.000000 0.000000
offset=(0.000000,0.000000)
startPause=0.000000
animParam=0.000000 0.000000 0.000000 0.000000 0.000000 0.000000 (-54.000000,3.000000) 0.000000 0.000000 0.375000 0.062500 0.218750 1.000000 0.000000 0.000000 0.000000 0.000000 1.000000 0.000000