id=87917
type=2,randStartPhase=0
forceZeroStart=0
numSounds=0
numSprites=10
numSlots=0
offset=(0.000000,0.000000)
startPause=0.000000
animParam=0.500000 5.333333 0.000000 0.562500 5.333333 0.000000 (7.000000,22.000000) 0.000000 0.000000 0.562500 0.093750 0.000000 1.000000 0.000000 0.000000 0.000000 0.000000 1.000000 0.000000
offset=(0.000000,0.000000)
startPause=0.000000
animParam=0.500000 5.333333 0.000000 0.562500 5.333333 0.000000 (7.000000,22.000000) 0.000000 0.000000 0.562500 0.093750 0.500000 1.000000 0.000000 0.000000 0.000000 0.000000 1.000000 0.000000
offset=(0.000000,0.000000)
startPause=0.000000
animParam=0.500000 5.333333 0.000000 0.562500 5.333333 0.000000 (2.000000,-2.000000) 0.000000 0.000000 0.562500 0.031250 0.000000 1.000000 0.000000 0.000000 0.000000 0.000000 1.000000 0.000000
offset=(0.000000,0.000000)
startPause=0.000000
animParam=0.500000 5.333333 0.000000 0.562500 5.333333 0.000000 (-4.000000,-2.000000) 0.000000 0.000000 0.562500 0.031250 0.000000 1.000000 0.000000 0.000000 0.000000 0.000000 1.000000 0.000000
offset=(0.000000,0.000000)
startPause=0.000000
animParam=0.500000 5.333333 0.000000 0.562500 5.333333 0.000000 (-20.000000,-11.000000) 0.000000 0.000000 0.562500 0.031250 0.000000 1.000000 0.000000 0.000000 0.000000 0.000000 1.000000 0.000000
offset=(0.000000,0.000000)
startPause=0.000000
animParam=0.500000 5.333333 0.000000 0.562500 5.333333 0.000000 (22.000000,7.000000) 0.000000 0.000000 0.562500 0.031250 0.000000 1.000000 0.000000 0.000000 0.000000 0.000000 1.000000 0.000000
offset=(0.000000,0.000000)
startPause=0.000000
animParam=0.500000 5.333333 0.000000 0.562500 5.333333 0.000000 (-4.000000,-2.000000) 0.000000 0.000000 0.562500 0.031250 0.000000 1.000000 0.000000 0.000000 0.000000 0.000000 1.000000 0.000000
offset=(0.000000,0.000000)
startPause=0.000000
animParam=0.500000 5.333333 0.000000 0.562500 5.333333 0.000000 (-4.000000,-2.000000) 0.000000 0.000000 0.562500 0.031250 0.000000 1.000000 0.000000 0.000000 0.000000 0.000000 1.000000 0.000000
offset=(0.000000,0.000000)
startPause=0.000000
animParam=0.500000 5.333333 0.000000 0.562500 5.333333 0.000000 (-12.000000,5.000000) 0.000000 0.000000 0.562500 0.031250 0.000000 1.000000 0.000000 0.000000 0.000000 0.000000 1.000000 0.000000
offset=(0.000000,0.000000)
startPause=0.000000
animParam=0.500000 5.333333 0.000000 0.562500 5.333333 0.000000 (2.000000,-2.000000) 0.000000 0.000000 0.562500 0.031250 0.000000 1.000000 0.000000 0.000000 0.000000 0.000000 1.000000 0.000000