id=87921
type=0,randStartPhase=0
forceZeroStart=0
numSounds=0
numSprites=8
numSlots=1
offset=(0.000000,0.000000)
startPause=0.000000
animParam=0.312500 2.666667 0.000000 0.312500 13.333333 0.395833 (33.000000,-43.000000) 0.000000 0.000000 0.562500 0.041667 0.500000 1.000000 0.000000 0.000000 0.000000 0.000000 1.000000 0.000000
offset=(0.000000,0.000000)
startPause=0.000000
animParam=0.312500 2.666667 0.000000 0.312500 13.333333 0.395833 (-27.000000,-43.000000) 0.000000 0.000000 0.562500 0.041667 0.000000 1.000000 0.000000 0.000000 0.000000 0.000000 1.000000 0.000000
offset=(0.000000,0.000000)
startPause=0.000000
animParam=0.312500 0.000000 0.000000 0.312500 13.333333 0.395833 (8.000000,39.000000) 0.000000 0.000000 0.125000 0.041667 0.000000 1.000000 0.000000 0.000000 0.000000 0.000000 1.000000 0.000000
offset=(0.000000,0.000000)
startPause=0.000000
animParam=0.312500 0.000000 0.000000 0.312500 13.333333 0.395833 (3.000000,-1.000000) 0.000000 0.000000 0.125000 0.041667 0.000000 1.000000 0.000000 0.000000 0.000000 0.000000 1.000000 0.000000
offset=(0.000000,0.000000)
startPause=0.000000
animParam=0.312500 0.000000 0.000000 0.312500 13.333333 0.395833 (3.000000,-1.000000) 0.000000 0.000000 0.125000 0.041667 0.000000 1.000000 0.000000 0.000000 0.000000 0.000000 1.000000 0.000000
offset=(0.000000,0.000000)
startPause=0.000000
animParam=0.312500 0.000000 0.000000 0.312500 13.333333 0.395833 (3.000000,-1.000000) 0.000000 0.000000 0.125000 0.041667 0.000000 1.000000 0.000000 0.000000 0.000000 0.000000 1.000000 0.000000
offset=(0.000000,0.000000)
startPause=0.000000
animParam=0.312500 0.000000 0.000000 0.312500 13.333333 0.395833 (3.000000,-1.000000) 0.000000 0.000000 0.125000 0.041667 0.000000 1.000000 0.000000 0.000000 0.000000 0.000000 1.000000 0.000000
offset=(0.000000,0.000000)
startPause=0.000000
animParam=0.312500 0.000000 0.000000 0.312500 13.333333 0.395833 (9.000000,24.000000) 0.000000 0.000000 0.125000 0.041667 0.000000 1.000000 0.000000 0.000000 0.000000 0.000000 1.000000 0.000000
offset=(0.000000,0.000000)
startPause=0.000000
animParam=0.000000 0.000000 0.000000 0.000000 0.000000 0.000000 1.000000 0.000000