id=87924
type=2,randStartPhase=0
forceZeroStart=0
numSounds=0
numSprites=12
numSlots=2
offset=(0.000000,0.000000)
startPause=0.000000
animParam=0.312500 1.500000 0.000000 0.250000 5.333333 0.000000 (-110.000000,40.000000) 0.000000 0.812500 1.625000 0.010417 0.490000 1.000000 0.000000 0.000000 0.000000 0.000000 1.000000 0.000000
offset=(0.000000,0.000000)
startPause=0.000000
animParam=0.312500 8.000000 0.000000 0.625000 2.666667 0.812500 (23.000000,34.000000) 0.000000 0.000000 0.625000 0.052083 0.000000 1.000000 0.000000 0.000000 0.000000 0.000000 1.000000 0.000000
offset=(0.000000,0.000000)
startPause=0.000000
animParam=0.312500 1.500000 0.000000 0.250000 5.333333 0.000000 (50.000000,-10.000000) 0.000000 0.000000 1.625000 0.010417 0.000000 1.000000 0.000000 0.000000 0.000000 0.000000 1.000000 0.000000
offset=(0.000000,0.000000)
startPause=0.000000
animParam=0.312500 1.500000 0.000000 0.250000 5.333333 0.000000 (-50.000000,-10.000000) 0.000000 0.802083 1.625000 0.010417 0.490000 1.000000 0.000000 0.000000 0.000000 0.000000 1.000000 0.000000
offset=(0.000000,0.000000)
startPause=0.000000
animParam=0.312500 8.000000 0.000000 0.625000 2.666667 0.520833 (-7.000000,24.000000) 0.000000 0.000000 0.625000 0.052083 0.531000 1.000000 0.000000 0.000000 0.000000 0.000000 1.000000 0.000000
offset=(0.000000,0.000000)
startPause=0.000000
animParam=0.312500 1.500000 0.000000 0.250000 5.333333 0.000000 (0.000000,-10.000000) 0.000000 0.000000 0.250000 0.010417 0.000000 1.000000 0.000000 0.000000 0.000000 0.000000 1.000000 0.000000
offset=(0.000000,0.000000)
startPause=0.000000
animParam=0.312500 1.500000 0.000000 0.250000 5.333333 0.000000 (0.000000,-60.000000) 0.000000 0.000000 0.250000 0.010417 0.000000 1.000000 0.000000 0.000000 0.000000 0.000000 1.000000 0.000000
offset=(0.000000,0.000000)
startPause=0.000000
animParam=0.312500 1.500000 0.000000 0.250000 5.333333 0.000000 (0.000000,-60.000000) 0.000000 0.000000 0.250000 0.010417 0.000000 1.000000 0.000000 0.000000 0.000000 0.000000 1.000000 0.000000
offset=(0.000000,0.000000)
startPause=0.000000
animParam=0.312500 1.500000 0.000000 0.250000 5.333333 0.000000 (0.000000,-10.000000) 0.000000 0.000000 0.250000 0.010417 0.000000 1.000000 0.000000 0.000000 0.000000 0.000000 1.000000 0.000000
offset=(0.000000,0.000000)
startPause=0.000000
animParam=0.312500 1.500000 0.000000 0.250000 5.333333 0.000000 (0.000000,-10.000000) 0.000000 0.000000 0.250000 0.010417 0.000000 1.000000 0.000000 0.000000 0.000000 0.000000 1.000000 0.000000
offset=(0.000000,0.000000)
startPause=0.000000
animParam=0.312500 1.500000 0.000000 0.250000 5.333333 0.000000 (0.000000,0.000000) 0.000000 0.000000 0.250000 0.010417 0.000000 1.000000 0.000000 0.000000 0.000000 0.000000 1.000000 0.000000
offset=(0.000000,0.000000)
startPause=0.000000
animParam=0.312500 1.500000 0.000000 0.250000 5.333333 0.000000 (0.000000,-60.000000) 0.000000 0.000000 0.250000 0.010417 0.000000 1.000000 0.000000 0.000000 0.000000 0.000000 1.000000 0.000000
offset=(0.000000,0.000000)
startPause=0.000000
animParam=0.000000 0.000000 0.000000 0.000000 0.000000 0.000000 1.000000 0.000000
offset=(0.000000,0.000000)
startPause=0.000000
animParam=0.000000 0.000000 0.000000 0.000000 0.000000 0.000000 1.000000 0.000000